"Energy (MeV)" Frequency
-0.005 0
0.005 0.416629
0.015 0.0315598
0.025 0.0200707
0.035 0.0130803
0.045 0.0134187
0.055 0.0101116
0.065 0.0102337
0.075 0.0090996
0.085 0.00520247
0.095 0.00652746
0.105 0.00762138
0.115 0.00748126
0.125 0.00786147
0.135 0.00722724
0.145 0.00555891
0.155 0.00526064
0.165 0.00524507
0.175 0.00399956
0.185 0.00307936
0.195 0.00297611
0.205 0.00292367
0.215 0.00299824
0.225 0.00315884
0.235 0.00323341
0.245 0.00318425
0.255 0.00314819
0.265 0.00334485
0.275 0.00331371
0.285 0.00294252
0.295 0.00286304
0.305 0.0030007
0.315 0.00285238
0.325 0.00274422
0.335 0.00273603
0.345 0.00257706
0.355 0.00228535
0.365 0.00188711
0.375 0.00183467
0.385 0.00177485
0.395 0.00181582
0.405 0.00155689
0.415 0.00137744
0.425 0.0011439
0.435 0.0010341
0.445 0.00125125
0.455 0.00169619
0.465 0.00206738
0.475 0.00238286
0.485 0.0028278
0.495 0.00287041
0.505 0.00295317
0.515 0.0029966
0.525 0.00290892
0.535 0.00298103
0.545 0.00316868
0.555 0.00312689
0.565 0.00229682
0.575 0.00261967
0.585 0.0030597
0.595 0.00295563
0.605 0.00306789
0.615 0.00296546
0.625 0.0029712
0.635 0.00298759
0.645 0.00271636
0.655 0.00268604
0.665 0.00280404
0.675 0.00273603
0.685 0.00258935
0.695 0.0026549
0.705 0.00265327
0.715 0.00262049
0.725 0.0024902
0.735 0.00248856
0.745 0.00244186
0.755 0.0024943
0.765 0.00251396
0.775 0.00234271
0.785 0.00224684
0.795 0.00225913
0.805 0.00190842
0.815 0.00172815
0.825 0.00158885
0.835 0.00171422
0.845 0.00163146
0.855 0.00159294
0.865 0.00149543
0.875 0.00142496
0.885 0.00137826
0.895 0.00138645
0.905 0.00126845
0.915 0.000971826
0.925 0.00104148
0.935 0.000945605
0.945 0.000903815
0.955 0.000839081
0.965 0.000778444
0.975 0.000726821
0.985 0.000662907
0.995 0.00068585
1.005 0.000648977
1.015 0.000690767
1.025 0.000776805
1.035 0.00085465
1.045 0.000855469
1.055 0.000987395
1.065 0.00103984
1.075 0.0011144
1.085 0.00121191
1.095 0.00122584
1.105 0.00132745
1.115 0.00139219
1.125 0.0013717
1.135 0.00144217
1.145 0.00145692
1.155 0.00152329
1.165 0.0014561
1.175 0.00152985
1.185 0.00162408
1.195 0.00164047
1.205 0.00132745
1.215 0.0014307
1.225 0.00146511
1.235 0.00149625
1.245 0.00158885
1.255 0.00158393
1.265 0.00126436
1.275 0.00128484
1.285 0.00117422
1.295 0.000963632
1.305 0.000843178
1.315 0.000729279
1.325 0.000879232
1.335 0.0010087
1.345 0.00115374
1.355 0.00127829
1.365 0.00136105
1.375 0.00146266
1.385 0.00142005
1.395 0.001511
1.405 0.00132663
1.415 0.00127747
1.425 0.00142332
1.435 0.00131926
1.445 0.00132991
1.455 0.00132909
1.465 0.00133892
1.475 0.00127173
1.485 0.00124551
1.495 0.00130533
1.505 0.00127747
1.515 0.00125452
1.525 0.00114964
1.535 0.00118487
1.545 0.00118324
1.555 0.00123814
1.565 0.00122912
1.575 0.0011816
1.585 0.00113981
1.595 0.00095216
1.605 0.000939049
1.615 0.00104803
1.625 0.00100542
1.635 0.000916106
1.645 0.000816957
1.655 0.000691586
1.665 0.000946424
1.675 0.0010423
1.685 0.00114472
1.695 0.00113653
1.705 0.00116439
1.715 0.00114063
1.725 0.00118815
1.735 0.00113817
1.745 0.00116193
1.755 0.00106278
1.765 0.00120454
1.775 0.00115865
1.785 0.0012873
1.795 0.00126518
1.805 0.00122912
1.815 0.00129631
1.825 0.00113653
1.835 0.000694864
1.845 0.000762875
1.855 0.000715349
1.865 0.000781722
1.875 0.000786638
1.885 0.000757959
1.895 0.00072764
1.905 0.00074157
1.915 0.000705516
1.925 0.000678476
1.935 0.000799749
1.945 0.000832526
1.955 0.000819415
1.965 0.000808762
1.975 0.000796471
1.985 0.000876774
1.995 0.000890704
2.005 0.000935772
2.015 0.000944785
2.025 0.000957896
2.035 0.000936591
2.045 0.000983298
2.055 0.000968548
2.065 0.000983298
2.075 0.00101198
2.085 0.000831706
2.095 0.000822693
2.105 0.000807124
2.115 0.000784999
2.125 0.000898079
2.135 0.000944785
2.145 0.00096691
2.155 0.000908731
2.165 0.000917745
2.175 0.000925119
2.185 0.00089562
2.195 0.00104557
2.205 0.000959535
2.215 0.000950521
2.225 0.000884149
2.235 0.000903815
2.245 0.00102181
2.255 0.00110375
2.265 0.00113407
2.275 0.00101853
2.285 0.00100296
2.295 0.00104557
2.305 0.00114964
2.315 0.00124715
2.325 0.00147331
2.335 0.00150608
2.345 0.00152657
2.355 0.00144791
2.365 0.00144954
2.375 0.00117586
2.385 0.00123814
2.395 0.00119717
2.405 0.0011226
2.415 0.00100051
2.425 0.00102509
2.435 0.00104312
2.445 0.00100706
2.455 0.000862844
2.465 0.000799749
2.475 0.00086858
2.485 0.00077025
2.495 0.000648977
2.505 0.000709613
2.515 0.000739932
2.525 0.000753042
2.535 0.000730099
2.545 0.00074157
2.555 0.000720266
2.565 0.000722724
2.575 0.000688309
2.585 0.000649796
2.595 0.000694864
2.605 0.000694044
2.615 0.000680934
2.625 0.000736654
2.635 0.000689947
2.645 0.000702239
2.655 0.000647338
2.665 0.000580146
2.675 0.000680114
2.685 0.000660448
2.695 0.00065799
2.705 0.000617019
2.715 0.000633408
2.725 0.000666184
2.735 0.000595715
2.745 0.000591618
2.755 0.000596534
2.765 0.000584243
2.775 0.000571132
2.785 0.000515412
2.795 0.000530981
2.805 0.000550647
2.815 0.00050394
2.825 0.000521967
2.835 0.000500662
2.845 0.000472802
2.855 0.000482635
2.865 0.000404791
2.875 0.000493288
2.885 0.000469525
2.895 0.000496565
2.905 0.00050476
2.915 0.000508857
2.925 0.000468705
2.935 0.000431832
2.945 0.00043429
2.955 0.000498204
2.965 0.000508037
2.975 0.000494927
2.985 0.000491649
2.995 0.000449039
3.005 0.000380209
3.015 0.000421999
3.025 0.000401513
3.035 0.000411346
3.045 0.000435929
3.055 0.000414624
3.065 0.000382667
3.075 0.000445762
3.085 0.00046215
3.095 0.000425276
3.105 0.000383486
3.115 0.000390861
3.125 0.00036382
3.135 0.000372014
3.145 0.000323669
3.155 0.000332682
3.165 0.000362181
3.175 0.000343335
3.185 0.000320391
3.195 0.000285156
3.205 0.000269587
3.215 0.000262213
3.225 0.000257296
3.235 0.00025238
3.245 0.00026549
3.255 0.000249922
3.265 0.000220423
3.275 0.000248283
3.285 0.000233533
3.295 0.000243366
3.305 0.000226159
3.315 0.000204034
3.325 0.000232714
3.335 0.000203215
3.345 0.000225339
3.355 0.000204854
3.365 0.000197479
3.375 0.000188465
3.385 0.000193382
3.395 0.000204854
3.405 0.000197479
3.415 0.000171258
3.425 0.000197479
3.435 0.000180271
3.445 0.00016798
3.455 0.000191743
3.465 0.000172897
3.475 0.000174535
3.485 0.000189285
3.495 0.000176994
3.505 0.000167161
3.515 0.000174535
3.525 0.000181091
3.535 0.000167161
3.545 0.000166341
3.555 0.000145856
3.565 0.000176174
3.575 0.000154869
3.585 0.000188465
3.595 0.000173716
3.605 0.000153231
3.615 0.000172077
3.625 0.000152411
3.635 0.000162244
3.645 0.000139301
3.655 0.000144217
3.665 0.000151592
3.675 0.00015405
3.685 0.000142578
3.695 0.000176994
3.705 0.000154869
3.715 0.000154869
3.725 0.000146675
3.735 0.000139301
3.745 0.000145856
3.755 0.000131106
3.765 9.50521e-05
3.775 9.91492e-05
3.785 0.000127009
3.795 0.000138481
3.805 0.000149953
3.815 0.000136842
3.825 0.000141759
3.835 0.000138481
3.845 0.000145856
3.855 0.000154869
3.865 0.000155689
3.875 0.000149134
3.885 0.000139301
3.895 0.000157328
3.905 0.000162244
3.915 0.000137662
3.925 0.000114718
3.935 0.000140939
3.945 0.000143398
3.955 0.000131106
3.965 0.000135203
3.975 0.000129468
3.985 0.000139301
3.995 0.000140939
4.005 0.00011144
4.015 0.000145036
4.025 0.000142578
4.035 0.000120454
4.045 0.000149134
4.055 0.000144217
4.065 0.000145856
4.075 0.000165522
4.085 0.000167161
4.095 0.000150772
4.105 0.000169619
4.115 0.000151592
4.125 0.000131106
4.135 0.000137662
4.145 0.000131106
4.155 0.000131106
4.165 0.000128648
4.175 0.000131106
4.185 0.000108163
4.195 0.000120454
4.205 0.000108982
4.215 0.000100788
4.225 9.34133e-05
4.235 0.000105705
4.245 0.000109802
4.255 0.000116357
4.265 0.000114718
4.275 0.000108163
4.285 0.000136842
4.295 0.000100788
4.305 9.50521e-05
4.315 9.09551e-05
4.325 5.65396e-05
4.335 7.29279e-05
4.345 7.04697e-05
4.355 7.21085e-05
4.365 7.21085e-05
4.375 7.53862e-05
4.385 8.52191e-05
4.395 7.04697e-05
4.405 7.37473e-05
4.415 8.35803e-05
4.425 6.96503e-05
4.435 6.14561e-05
4.445 0.000104066
4.455 9.34133e-05
4.465 9.6691e-05
4.475 8.6858e-05
4.485 0.000101607
4.495 8.11221e-05
4.505 8.03027e-05
4.515 9.01356e-05
4.525 6.22755e-05
4.535 7.53862e-05
4.545 6.88309e-05
4.555 8.11221e-05
4.565 9.01356e-05
4.575 8.6858e-05
4.585 9.42327e-05
4.595 8.60386e-05
4.605 7.94832e-05
4.615 8.11221e-05
4.625 7.7025e-05
4.635 7.12891e-05
4.645 5.65396e-05
4.655 6.88309e-05
4.665 8.35803e-05
4.675 6.39144e-05
4.685 7.7025e-05
4.695 8.11221e-05
4.705 7.7025e-05
4.715 7.78444e-05
4.725 7.62056e-05
4.735 7.62056e-05
4.745 6.39144e-05
4.755 6.39144e-05
4.765 5.49008e-05
4.775 6.55532e-05
4.785 6.55532e-05
4.795 6.22755e-05
4.805 6.80114e-05
4.815 5.89979e-05
4.825 5.81785e-05
4.835 6.06367e-05
4.845 3.52348e-05
4.855 5.98173e-05
4.865 4.50678e-05
4.875 4.75261e-05
4.885 6.39144e-05
4.895 6.39144e-05
4.905 4.75261e-05
4.915 6.06367e-05
4.925 5.98173e-05
4.935 5.81785e-05
4.945 6.55532e-05
4.955 5.40814e-05
4.965 6.06367e-05
4.975 7.04697e-05
4.985 6.80114e-05
4.995 5.7359e-05
5.005 4.91649e-05
5.015 4.67066e-05
5.025 4.17902e-05
5.035 4.99843e-05
5.045 4.67066e-05
5.055 3.44154e-05
5.065 4.26096e-05
5.075 4.83455e-05
5.085 4.17902e-05
5.095 4.58872e-05
5.105 3.03184e-05
5.115 3.11378e-05
5.125 2.94989e-05
5.135 2.94989e-05
5.145 3.27766e-05
5.155 2.94989e-05
5.165 3.93319e-05
5.175 3.44154e-05
5.185 4.58872e-05
5.195 4.58872e-05
5.205 4.01513e-05
5.215 5.65396e-05
5.225 3.60543e-05
5.235 4.3429e-05
5.245 3.60543e-05
5.255 2.78601e-05
5.265 3.93319e-05
5.275 3.52348e-05
5.285 3.03184e-05
5.295 5.57202e-05
5.305 2.78601e-05
5.315 2.54019e-05
5.325 4.01513e-05
5.335 3.93319e-05
5.345 3.52348e-05
5.355 3.44154e-05
5.365 3.93319e-05
5.375 3.11378e-05
5.385 3.11378e-05
5.395 2.3763e-05
5.405 3.76931e-05
5.415 3.19572e-05
5.425 3.52348e-05
5.435 3.76931e-05
5.445 3.68737e-05
5.455 4.09707e-05
5.465 4.75261e-05
5.475 2.86795e-05
5.485 3.85125e-05
5.495 2.70407e-05
5.505 3.03184e-05
5.515 3.52348e-05
5.525 3.76931e-05
5.535 4.01513e-05
5.545 2.94989e-05
5.555 3.76931e-05
5.565 2.04854e-05
5.575 1.80271e-05
5.585 2.54019e-05
5.595 2.78601e-05
5.605 2.13048e-05
5.615 1.80271e-05
5.625 1.88465e-05
5.635 1.47495e-05
5.645 1.88465e-05
5.655 2.21242e-05
5.665 2.54019e-05
5.675 1.88465e-05
5.685 2.62213e-05
5.695 1.31106e-05
5.705 1.72077e-05
5.715 2.04854e-05
5.725 2.21242e-05
5.735 2.3763e-05
5.745 1.88465e-05
5.755 2.45824e-05
5.765 2.04854e-05
5.775 2.54019e-05
5.785 2.3763e-05
5.795 1.55689e-05
5.805 1.14718e-05
5.815 2.54019e-05
5.825 1.31106e-05
5.835 2.13048e-05
5.845 2.04854e-05
5.855 2.3763e-05
5.865 2.3763e-05
5.875 2.13048e-05
5.885 1.31106e-05
5.895 1.63883e-05
5.905 2.21242e-05
5.915 1.22912e-05
5.925 1.9666e-05
5.935 1.80271e-05
5.945 1.31106e-05
5.955 2.13048e-05
5.965 2.78601e-05
5.975 2.29436e-05
5.985 2.70407e-05
5.995 1.9666e-05
6.005 1.63883e-05
6.015 1.72077e-05
6.025 1.31106e-05
6.035 1.63883e-05
6.045 1.72077e-05
6.055 1.72077e-05
6.065 2.29436e-05
6.075 1.22912e-05
6.085 2.54019e-05
6.095 1.63883e-05
6.105 1.80271e-05
6.115 2.78601e-05
6.125 1.80271e-05
6.135 2.13048e-05
6.145 1.9666e-05
6.155 1.72077e-05
6.165 1.47495e-05
6.175 1.88465e-05
6.185 1.55689e-05
6.195 1.9666e-05
6.205 2.21242e-05
6.215 1.39301e-05
6.225 1.72077e-05
6.235 1.63883e-05
6.245 1.72077e-05
6.255 1.39301e-05
6.265 2.04854e-05
6.275 1.31106e-05
6.285 1.55689e-05
6.295 1.22912e-05
6.305 1.72077e-05
6.315 1.39301e-05
6.325 1.72077e-05
6.335 1.14718e-05
6.345 1.9666e-05
6.355 1.14718e-05
6.365 9.01356e-06
6.375 9.01356e-06
6.385 1.22912e-05
6.395 1.06524e-05
6.405 9.01356e-06
6.415 1.47495e-05
6.425 1.22912e-05
6.435 1.14718e-05
6.445 1.55689e-05
6.455 2.13048e-05
6.465 1.31106e-05
6.475 2.04854e-05
6.485 1.31106e-05
6.495 1.63883e-05
6.505 1.63883e-05
6.515 1.72077e-05
6.525 1.39301e-05
6.535 2.54019e-05
6.545 1.31106e-05
6.555 1.06524e-05
6.565 9.01356e-06
6.575 7.37473e-06
6.585 1.72077e-05
6.595 1.06524e-05
6.605 9.01356e-06
6.615 1.55689e-05
6.625 8.19415e-06
6.635 1.80271e-05
6.645 1.06524e-05
6.655 9.01356e-06
6.665 7.37473e-06
6.675 5.7359e-06
6.685 1.31106e-05
6.695 8.19415e-06
6.705 9.01356e-06
6.715 1.22912e-05
6.725 9.01356e-06
6.735 1.14718e-05
6.745 1.22912e-05
6.755 8.19415e-06
6.765 3.27766e-06
6.775 5.7359e-06
6.785 9.83298e-06
6.795 5.7359e-06
6.805 9.83298e-06
6.815 9.83298e-06
6.825 7.37473e-06
6.835 7.37473e-06
6.845 5.7359e-06
6.855 4.91649e-06
6.865 9.01356e-06
6.875 4.91649e-06
6.885 1.06524e-05
6.895 4.09707e-06
6.905 9.83298e-06
6.915 1.14718e-05
6.925 4.91649e-06
6.935 1.63883e-05
6.945 1.31106e-05
6.955 1.06524e-05
6.965 4.91649e-06
6.975 7.37473e-06
6.985 6.55532e-06
6.995 5.7359e-06
7.005 6.55532e-06
7.015 9.01356e-06
7.025 6.55532e-06
7.035 5.7359e-06
7.045 1.06524e-05
7.055 6.55532e-06
7.065 5.7359e-06
7.075 9.83298e-06
7.085 8.19415e-06
7.095 2.45824e-06
7.105 7.37473e-06
7.115 1.06524e-05
7.125 5.7359e-06
7.135 4.09707e-06
7.145 2.45824e-06
7.155 7.37473e-06
7.165 4.91649e-06
7.175 5.7359e-06
7.185 5.7359e-06
7.195 7.37473e-06
7.205 4.91649e-06
7.215 4.91649e-06
7.225 6.55532e-06
7.235 5.7359e-06
7.245 3.27766e-06
7.255 4.09707e-06
7.265 5.7359e-06
7.275 4.91649e-06
7.285 9.01356e-06
7.295 4.91649e-06
7.305 4.09707e-06
7.315 4.09707e-06
7.325 4.09707e-06
7.335 4.91649e-06
7.345 6.55532e-06
7.355 1.63883e-06
7.365 3.27766e-06
7.375 4.91649e-06
7.385 5.7359e-06
7.395 1.63883e-06
7.405 4.09707e-06
7.415 4.91649e-06
7.425 4.09707e-06
7.435 2.45824e-06
7.445 9.01356e-06
7.455 2.45824e-06
7.465 8.19415e-06
7.475 2.45824e-06
7.485 7.37473e-06
7.495 8.19415e-07
7.505 8.19415e-07
7.515 3.27766e-06
7.525 4.91649e-06
7.535 2.45824e-06
7.545 2.45824e-06
7.555 4.91649e-06
7.565 3.27766e-06
7.575 6.55532e-06
7.585 2.45824e-06
7.595 5.7359e-06
7.605 5.7359e-06
7.615 4.91649e-06
7.625 8.19415e-07
7.635 2.45824e-06
7.645 4.91649e-06
7.655 5.7359e-06
7.665 3.27766e-06
7.675 3.27766e-06
7.685 4.09707e-06
7.695 3.27766e-06
7.705 8.19415e-06
7.715 2.45824e-06
7.725 2.45824e-06
7.735 4.09707e-06
7.745 2.45824e-06
7.755 4.91649e-06
7.765 2.45824e-06
7.775 3.27766e-06
7.785 8.19415e-07
7.795 2.45824e-06
7.805 2.45824e-06
7.815 0
7.825 3.27766e-06
7.835 2.45824e-06
7.845 3.27766e-06
7.855 1.63883e-06
7.865 1.63883e-06
7.875 3.27766e-06
7.885 8.19415e-07
7.895 3.27766e-06
7.905 6.55532e-06
7.915 1.63883e-06
7.925 0
7.935 4.91649e-06
7.945 1.63883e-06
7.955 8.19415e-07
7.965 0
7.975 8.19415e-07
7.985 3.27766e-06
7.995 4.09707e-06
8.005 2.45824e-06
8.015 2.45824e-06
8.025 2.45824e-06
8.035 4.91649e-06
8.045 1.63883e-06
8.055 3.27766e-06
8.065 8.19415e-07
8.075 1.63883e-06
8.085 8.19415e-07
8.095 1.63883e-06
8.105 3.27766e-06
8.115 2.45824e-06
8.125 4.09707e-06
8.135 1.63883e-06
8.145 3.27766e-06
8.155 1.63883e-06
8.165 8.19415e-07
8.175 1.63883e-06
8.185 8.19415e-07
8.195 8.19415e-07
8.205 2.45824e-06
8.215 2.45824e-06
8.225 8.19415e-07
8.235 8.19415e-07
8.245 4.09707e-06
8.255 1.63883e-06
8.265 8.19415e-07
8.275 2.45824e-06
8.285 1.63883e-06
8.295 1.63883e-06
8.305 0
8.315 8.19415e-07
8.325 1.63883e-06
8.335 1.63883e-06
8.345 0
8.355 2.45824e-06
8.365 8.19415e-07
8.375 1.63883e-06
8.385 1.63883e-06
8.395 0
8.405 0
8.415 0
8.425 1.63883e-06
8.435 8.19415e-07
8.445 8.19415e-07
8.455 1.63883e-06
8.465 1.63883e-06
8.475 8.19415e-07
8.485 1.63883e-06
8.495 0
8.505 1.63883e-06
8.515 8.19415e-07
8.525 2.45824e-06
8.535 3.27766e-06
8.545 0
8.555 1.63883e-06
8.565 2.45824e-06
8.575 8.19415e-07
8.585 2.45824e-06
8.595 1.63883e-06
8.605 8.19415e-07
8.615 8.19415e-07
8.625 0
8.635 3.27766e-06
8.645 8.19415e-07
8.655 1.63883e-06
8.665 1.63883e-06
8.675 8.19415e-07
8.685 8.19415e-07
8.695 0
8.705 1.63883e-06
8.715 8.19415e-07
8.725 1.63883e-06
8.735 1.63883e-06
8.745 8.19415e-07
8.755 8.19415e-07
8.765 8.19415e-07
8.775 8.19415e-07
8.785 8.19415e-07
8.795 1.63883e-06
8.805 1.63883e-06
8.815 1.63883e-06
8.825 8.19415e-07
8.835 0
8.845 0
8.855 8.19415e-07
8.865 8.19415e-07
8.875 8.19415e-07
8.885 8.19415e-07
8.895 8.19415e-07
8.905 8.19415e-07
8.915 2.45824e-06
8.925 3.27766e-06
8.935 1.63883e-06
8.945 0
8.955 0
8.965 0
8.975 0
8.985 8.19415e-07
8.995 8.19415e-07
9.005 8.19415e-07
9.015 8.19415e-07
9.025 8.19415e-07
9.035 0
9.045 0
9.055 0
9.065 8.19415e-07
9.075 0
9.085 1.63883e-06
9.095 2.45824e-06
9.105 0
9.115 0
9.125 8.19415e-07
9.135 8.19415e-07
9.145 1.63883e-06
9.155 8.19415e-07
9.165 8.19415e-07
9.175 0
9.185 8.19415e-07
9.195 0
9.205 8.19415e-07
9.215 0
9.225 8.19415e-07
9.235 8.19415e-07
9.245 8.19415e-07
9.255 0
9.265 8.19415e-07
9.275 0
9.285 8.19415e-07
9.295 0
9.305 0
9.315 8.19415e-07
9.325 0
9.335 1.63883e-06
9.345 8.19415e-07
9.355 1.63883e-06
9.365 0
9.375 8.19415e-07
9.385 0
9.395 0
9.405 0
9.415 0
9.425 0
9.435 0
9.445 8.19415e-07
9.455 0
9.465 0
9.475 0
9.485 2.45824e-06
9.495 8.19415e-07
9.505 0
9.515 0
9.525 0
9.535 8.19415e-07
9.545 8.19415e-07
9.555 0
9.565 8.19415e-07
9.575 0
9.585 0
9.595 8.19415e-07
9.605 8.19415e-07
9.615 0
9.625 0
9.635 8.19415e-07
9.645 0
9.655 0
9.665 0
9.675 0
9.685 8.19415e-07
9.695 0
9.705 0
9.715 0
9.725 1.63883e-06
9.735 0
9.745 8.19415e-07
9.755 8.19415e-07
9.765 8.19415e-07
9.775 0
9.785 0
9.795 8.19415e-07
9.805 0
9.815 8.19415e-07
9.825 0
9.835 0
9.845 0
9.855 0
9.865 0
9.875 0
9.885 0
9.895 0
9.905 0
9.915 0
9.925 0
9.935 0
9.945 0
9.955 0
9.965 0
9.975 0
9.985 0
9.995 0
10.005 0

